[-37.645806050831204, -3.000353961895332, 55.660106015569006]
[-37.645806050831204, -3.000353961895332, 55.660106015569006]
[-37.645806050831204, -3.000353961895332, 55.660106015569006]
[-37.645806050831204, -3.000353961895332, 55.660106015569006]
[-37.645806050831204, -3.000353961895332, 55.660106015569006]
[-37.645806050831204, -3.000353961895332, 55.660106015569006]
[-37.645806050831204, -3.000353961895332, 55.660106015569006]
[-37.645806050831204, -3.000353961895332, 55.660106015569006]
[-37.645806050831204, -3.000353961895332, 55.660106015569006]
[-37.645806050831204, -3.000353961895332, 55.660106015569006]
[-37.645806050831204, -3.000353961895332, 55.660106015569006]
[-37.645806050831204, -3.000353961895332, 55.660106015569006]
[-37.645806050831204, -3.000353961895332, 55.660106015569006]
[-37.645806050831204, -3.000353961895332, 55.660106015569006]
[-37.645806050831204, -3.000353961895332, 55.660106015569006]
[-37.645806050831204, -3.000353961895332, 55.660106015569006]
[-37.645806050831204, -3.000353961895332, 55.660106015569006]
[-37.645806050831204, -3.000353961895332, 55.660106015569006]
[-37.645806050831204, -3.000353961895332, 55.660106015569006]
[-37.645806050831204, -3.000353961895332, 55.660106015569006]
[-37.645806050831204, -3.000353961895332, 55.660106015569006]
[-37.645806050831204, -3.000353961895332, 55.660106015569006]
[-37.645806050831204, -3.000353961895332, 55.660106015569006]
[-37.645806050831204, -3.000353961895332, 55.660106015569006]
[-37.645806050831204, -3.000353961895332, 55.660106015569006]
[-37.645806050831204, -3.000353961895332, 55.660106015569006]
[-37.645806050831204, -3.000353961895332, 55.660106015569006]
[-37.645806050831204, -3.000353961895332, 55.660106015569006]
[-37.645806050831204, -3.000353961895332, 55.660106015569006]
[-37.645806050831204, -3.000353961895332, 55.660106015569006]
[-37.645806050831204, -3.000353961895332, 55.660106015569006]
[-37.645806050831204, -3.000353961895332, 55.660106015569006]
[-37.645806050831204, -3.000353961895332, 55.660106015569006]
[-37.645806050831204, -3.000353961895332, 55.660106015569006]
[-37.645806050831204, -3.000353961895332, 55.660106015569006]
[-37.645806050831204, -3.000353961895332, 55.660106015569006]
[-37.645806050831204, -3.000353961895332, 55.660106015569006]
[-37.645806050831204, -3.000353961895332, 55.660106015569006]
[-37.645806050831204, -3.000353961895332, 55.660106015569006]
[-37.645806050831204, -3.000353961895332, 55.660106015569006]
[-37.64587687823663, 8.999646038302885, 55.66021073528032]
[-37.646101577703504, 48.99945709839415, 74.21778658615203]
[-18.82317157961472, 87.99972935801887, 55.66089147513268]
[-18.823330941263023, 141.99972935632312, 55.661362714044195]
[-18.823454889067452, 183.99972935428283, 55.661729233142566]
[-18.823575885938574, 224.9997293527258, 55.66208702565363]
[-37.64735835131525, 259.99964602385296, 55.662401124031334]
[-37.64756451165142, 292.9997809088218, 37.11588494432931]
[-37.64788323504991, 346.999780908345, 37.116199166334525]
[-55.36505496015009, 406.9996517310272, 37.11656173575227]
[-74.18983661057541, 463.9994605588857, 37.11691329562249]
[-93.014823452033, 511.9992138319938, 37.11721826261628]
[-110.73299161956822, 572.9989308631184, 37.117602644630196]
[-148.38320902540826, 615.9981661654864, 37.117932383662485]
[-166.10209136496474, 672.9977293977244, 37.118309484279166]
[-184.92824370326468, 717.9970765141863, 55.666665143911644]
[-203.75503351752738, 774.99631399703, 74.22656126565317]
[-221.47428842110688, 817.9954804651851, 92.78658719704609]
[-221.47641116762927, 882.9948327280424, 129.8957056498343]
[-221.47797594609455, 929.9944277634432, 148.45645272153246]
[-240.30526139030934, 973.993746329053, 148.45754756413578]
[-259.1329718846819, 1023.9925506783756, 167.00771751546566]
[-259.1345589394434, 1064.9920377285118, 185.5689736903039]
[-259.13626504305313, 1106.9920376771565, 185.57019544870832]
[-259.13825549684003, 1155.9920376154448, 185.5716208337784]
[-259.1403678152134, 1207.9920375504512, 185.57313348713208]
[-276.86236184745667, 1276.9912930736718, 185.57521807515425]
[-295.69122724804237, 1324.9904481604813, 185.5767022317063]
[-314.5204252568901, 1373.9895476731272, 185.57822125696273]
[-332.242489762886, 1423.9886493804677, 185.57976914333372]
[-351.0729760233014, 1485.9876409841027, 185.5816775523595]
[-351.07534611603944, 1530.987073953173, 204.1445251850787]
[-369.9083048407142, 1630.9847143814588, 241.26035994687106]
[-351.0831206427208, 1679.9842667444884, 278.3749115580747]
[-332.2604894042669, 1786.9816036576515, 352.61747396986254]
[-332.26227439931006, 1828.977068511213, 426.85828245801576]
[-314.54379581688534, 1876.9753755397362, 463.97535569081856]
[-295.71784655056973, 1935.9704449699416, 538.2192848303503]
[-295.719388785536, 1976.9637511120616, 612.4518172200657]
[-276.89247442454734, 2022.9570372555197, 686.6968893681836]
[-240.34456662725302, 2084.9455614041212, 798.0600389543253]
[-221.5169564942097, 2129.9339608239866, 890.8597313999139]
[-129.59073829355935, 2333.8701623644524, 1280.6513668648222]
[-93.04029760138735, 2399.8474750897244, 1392.0266743403392]
[-74.21225868939734, 2557.7905134631587, 1633.3554123783392]
[-332.319710304322, 3103.652683438499, 2078.99367997901]
[-369.98650275341424, 3174.6384049762723, 2116.138530971807]
[-406.5452447717783, 3226.629993884343, 2134.722478178899]
[-443.1045647817875, 3280.6150309206982, 2171.862915954836]
[-498.4994362402287, 3369.6045929960746, 2190.4605191752007]
[-517.3342363402411, 3403.596691852184, 2209.0393324569295]
[-553.8954773305256, 3456.587169835404, 2227.614001013347]
[-572.7324220356536, 3510.5724334671636, 2264.767619873091]
[-591.5688226073095, 3553.564100257062, 2283.3393436530464]
[-628.1313861393724, 3609.5404337554064, 2339.051363562876]
[-646.9692232565097, 3660.5317161405346, 2357.6379862445283]
[-683.5331055101769, 3717.5140780500988, 2394.784102164876]
[-720.0997400648979, 3793.49600850816, 2431.949281803462]
[-738.9375320457956, 3835.4795971507497, 2469.0908588359302]
[-775.5021508235823, 3886.4534651114964, 2524.8050778191514]
[-794.3399047816423, 3925.4288692086075, 2580.5151244756958]
[-830.9062678814223, 3981.4090895258723, 2617.6644487789963]
[-868.5790790652328, 4024.380983601548, 2673.3778475556737]
[-923.9821640089485, 4094.341657211641, 2747.6728262286188]
[-941.7171639919624, 4157.322967889089, 2784.827438980016]
[-1034.8040590159565, 4311.258963024411, 2896.2916218537184]
[-1071.372896402728, 4358.23596333724, 2933.453106501387]
[-1145.6212810446677, 4463.170886706202, 3044.90084649219]
[-1218.7661266517764, 4574.130512248592, 3100.6552472948274]
[-1256.4461696074095, 4626.0958990604095, 3156.381759977734]
[-1274.1844208787293, 4685.064588518, 3212.1123085061718]
[-1329.6050641840252, 4798.996236831338, 3323.5748554923794]
[-1348.4599999568418, 4897.943256640718, 3416.4612094062068]
[-1385.032078634771, 4939.8952336322045, 3490.7591916154797]
[-1403.8777905622815, 4987.860404443406, 3546.4895189107233]
[-1403.8877262019016, 5038.829203357753, 3602.221948708792]
[-1459.3122373152503, 5146.763691774276, 3695.12220176615]
[-1495.8905943075158, 5203.733612782043, 3732.289386259349]
[-1551.3117170262162, 5280.69854678186, 3769.480680150359]
[-1717.5647037655085, 5448.566504666284, 3918.134386282379]
[-1755.2679059391817, 5560.486873602786, 4029.621490172777]
[-1755.2814258713545, 5615.451452544943, 4085.3653348652506]
[-1773.02852999089, 5682.410641692574, 4141.118432982817]
[-1773.0416306875636, 5735.374247487929, 4196.862986810392]
[-1773.0602859314495, 5808.337361304704, 4252.621788113465]
[-1773.0719821457674, 5854.3125031512855, 4289.789523999567]
[-1791.92465634422, 5907.282158746249, 4326.974228727646]
[-1810.7804887790967, 5974.226051053281, 4401.295774901253]
[-1847.364350113905, 6025.189839852697, 4438.481254662103]
[-2124.503612791641, 6314.971757825026, 4624.40184819071]
[-2235.3679724067656, 6434.8932776601105, 4680.20898104646]
[-2382.82799829404, 6609.757247635132, 4791.778419989118]
[-2531.395246834349, 6770.557940995762, 4977.639608625318]
[-2586.83101554481, 6827.47735450618, 5051.983011750264]
[-2678.8683313245583, 6953.320078275015, 5200.67175043136]
[-2789.7707578640866, 7132.08710685102, 5423.711945429862]
[-3048.247841047346, 7668.436234707271, 6018.598495537953]
[-3141.433017928358, 7844.177026815063, 6241.683393456153]
[-3252.335243772508, 7967.9558609363785, 6408.999348300927]
[-3288.9430947057576, 8028.862078882662, 6483.373154832525]
[-3658.5341693905557, 8930.585110409482, 7469.012939743141]
[-3918.1679216752586, 9319.893868823227, 7915.416723529856]
[-4232.166807711263, 9709.270067592075, 8250.390017559712]
[-4287.656260179594, 9789.18489229144, 8287.668327572415]
[-4343.17623960844, 9910.123180956773, 8306.403978974613]
[-4379.820882503513, 9991.073914296772, 8325.098058450589]
[-4435.352596484391, 10122.035514747611, 8325.272756766299]
[-4454.250284117537, 10191.998072668519, 8343.952087198633]
[-4509.838162593703, 10395.983194260683, 8325.635244822894]
[-4639.743285114122, 10619.938352267873, 8288.772001917145]
[-4657.53416954113, 10683.949457704259, 8270.268203994441]
[-4768.5613545017895, 10858.915447293035, 8233.337031966254]
[-4861.922301294838, 11127.892731942697, 8196.512053723376]
[-4861.991513999815, 11216.916438287288, 8178.047653965201]
[-4879.801652680669, 11300.926581801139, 8159.56660663766]
[-4991.041705646001, 11709.098265778191, 7955.638431755144]
[-5065.546004947055, 11943.154569581744, 7862.987814739772]
[-5102.210574060794, 12017.170996559253, 7825.908945659478]
[-5121.135450557397, 12101.178562617677, 7807.42108895027]
[-5140.0624420254735, 12187.186003397983, 7788.946340221884]
[-5157.874275070858, 12265.19425226382, 7770.450122980722]
[-5195.725898202934, 12431.20861274111, 7733.479784733184]
[-5232.403965396498, 12518.201122560584, 7714.9946607968495]
[-5269.14983441249, 12686.193282083716, 7696.606601736001]
[-5473.593156746891, 13075.02129139725, 7697.092922386473]
[-5529.124405532339, 13147.973460524676, 7697.185803294884]
[-5602.389624241173, 13202.887210311861, 7715.854177035009]
[-5751.2108171732825, 13384.754952412351, 7716.087625399654]
[-5862.292719317105, 13539.63149651398, 7734.881714099247]
[-5935.606931513939, 13639.541277591203, 7753.595376917439]
[-6176.665993536499, 13964.222102870182, 7828.3930725222335]
[-6232.221721791282, 14050.122500002146, 7865.68878243895]
[-6268.914733498531, 14136.017706356117, 7921.581837337844]
[-6251.410054328917, 14416.70684396663, 8182.270162277657]
[-6029.714169030185, 14682.53197879849, 8480.118493667474]
[-4050.722388706034, 15749.089220032442, 9876.310951806536]
[-2979.0531774318424, 16641.669267954236, 10510.09344275574]
[-2330.420404769686, 15497.222709520816, 10935.946013318166]
