[-37.63563840816631, 0.0, 37.12213497585502]
[0.0, 0.0, 37.12212291840569]
[0.0, 0.0, 0.0]
[-37.63554420602576, -20.000111014274808, 0.0]
[-37.63563840816631, 0.0, 37.12213497585502]
[0.0, 0.0, 37.12212291840569]
[-37.63563840816631, 0.0, 37.12213497585502]
[0.0, 0.0, 0.0]
[-37.63554420602576, -20.000111014274808, 0.0]
[-37.63563840816631, 0.0, 37.12213497585502]
[0.0, 0.0, 37.12212291840569]
[0.0, 0.0, 0.0]
[-37.63554420602576, -20.000111014274808, 0.0]
[-37.63563840816631, 0.0, 37.12213497585502]
[0.0, 0.0, 37.12212291840569]
[0.0, 0.0, 0.0]
[-37.63554420602576, -20.000111014274808, 0.0]
[-37.63563840816631, 0.0, 37.12213497585502]
[0.0, 0.0, 37.12212291840569]
[0.0, 0.0, 0.0]
[0.0, 19.999891994605644, 37.12212291841917]
[37.63563840808513, 19.999780980730996, 37.12213497577126]
[37.635662194535584, 19.99988898583791, 0.0]
[0.0, 0.0, 0.0]
[0.0, 19.999891994605644, 37.12212291841917]
[37.63563840808513, 19.999780980730996, 37.12213497577126]
[37.635662194535584, 19.99988898583791, 0.0]
[0.0, 0.0, 0.0]
[0.0, 19.999891994605644, 37.12212291841917]
[37.63563840808513, 19.999780980730996, 37.12213497577126]
[37.635662194535584, 19.99988898583791, 0.0]
[0.0, 0.0, 0.0]
[0.0, 19.999891994605644, 37.12212291841917]
[37.63563840808513, 19.999780980730996, 37.12213497577126]
[37.635662194535584, 19.99988898583791, 0.0]
[0.0, 0.0, 0.0]
[0.0, 19.999891994605644, 37.12212291841917]
[37.63563840808513, 19.999780980730996, 37.12213497577126]
[37.635662194535584, 19.99988898583791, 0.0]
[0.0, 0.0, 0.0]
[0.0, 19.999891994605644, 37.12212291841917]
[37.63563840808513, 19.999780980730996, 37.12213497577126]
[37.635662194535584, 19.99988898583791, 0.0]
[0.0, 0.0, 0.0]
[0.0, 19.999891994605644, 37.12212291841917]
[37.63563840808513, 19.999780980730996, 37.12213497577126]
[37.635662194535584, 19.99988898583791, 0.0]
[0.0, 0.0, 0.0]
[0.0, 19.999891994605644, 37.12212291841917]
[0.0, 19.999891994605644, 37.12212291841917]
[37.63563840808513, 19.999780980730996, 37.12213497577126]
[37.635662194535584, 19.99988898583791, 0.0]
[0.0, 0.0, 0.0]
[0.0, 19.999891994605644, 37.12212291841917]
[37.63563840808513, 19.999780980730996, 37.12213497577126]
[37.635662194535584, 19.99988898583791, 0.0]
[0.0, 0.0, 0.0]
[0.0, 19.999891994605644, 37.12212291841917]
[37.63563840808513, 19.999780980730996, 37.12213497577126]
[37.635662194535584, 19.99988898583791, 0.0]
[0.0, 0.0, 0.0]
[0.0, 19.999891994605644, 37.12212291841917]
[37.63563840808513, 19.999780980730996, 37.12213497577126]
[37.635662194535584, 19.99988898583791, 0.0]
[0.0, 0.0, 0.0]
[0.0, 19.999891994605644, 37.12212291841917]
[37.63563840808513, 19.999780980730996, 37.12213497577126]
[37.635662194535584, 19.99988898583791, 0.0]
[0.0, 0.0, 0.0]
[0.0, 19.999891994605644, 37.12212291841917]
[37.63563840808513, 19.999780980730996, 37.12213497577126]
[37.635662194535584, 19.99988898583791, 0.0]
[0.0, 0.0, 0.0]
[0.0, 19.999891994605644, 37.12212291841917]
[37.63563840808513, 19.999780980730996, 37.12213497577126]
[37.635662194535584, 19.99988898583791, 0.0]
[0.0, 0.0, 0.0]
[0.0, 19.999891994605644, 37.12212291841917]
[37.63563840808513, 19.999780980730996, 37.12213497577126]
[37.635662194535584, 19.99988898583791, 0.0]
[0.0, 0.0, 0.0]
[0.0, 19.999891994605644, 37.12212291841917]
[37.63563840808513, 19.999780980730996, 37.12213497577126]
[37.635662194535584, 19.99988898583791, 0.0]
[0.0, 0.0, 0.0]
[0.0, 19.999891994605644, 37.12212291841917]
[37.63563840808513, 19.999780980730996, 37.12213497577126]
[37.635662194535584, 19.99988898583791, 0.0]
[0.0, 0.0, 0.0]
[0.0, 19.999891994605644, 37.12212291841917]
[37.63563840808513, 19.999780980730996, 37.12213497577126]
[37.635662194535584, 19.99988898583791, 0.0]
[0.0, 0.0, 0.0]
[0.0, 19.999891994605644, 37.12212291841917]
[37.63563840808513, 19.999780980730996, 37.12213497577126]
[37.635662194535584, 19.99988898583791, 0.0]
[0.0, 0.0, 0.0]
[0.0, 19.999891994605644, 37.12212291841917]
[37.63563840808513, 19.999780980730996, 37.12213497577126]
[37.635662194535584, 19.99988898583791, 0.0]
[0.0, 0.0, 0.0]
[0.0, 19.999891994605644, 37.12212291841917]
[37.63563840808513, 19.999780980730996, 37.12213497577126]
[37.635662194535584, 19.99988898583791, 0.0]
[-37.63554420602576, -20.000111014274808, 0.0]
[-37.63563840816631, 0.0, 37.12213497585502]
[0.0, 0.0, 37.12212291840569]
[0.0, 0.0, 0.0]
[-37.63554420602576, -20.000111014274808, 0.0]
[-37.63563840816631, 0.0, 37.12213497585502]
[0.0, 0.0, 37.12212291840569]
[0.0, 19.999891994605644, 37.12212291841917]
[37.63563840808513, 19.999780980730996, 37.12213497577126]
[37.635662194535584, 19.99988898583791, 0.0]
[0.0, 0.0, 0.0]
[0.0, 19.999891994605644, 37.12212291841917]
[37.63563840808513, 19.999780980730996, 37.12213497577126]
[0.0, 19.999891994605644, 37.12212291841917]
[37.63536113538624, -27.000219017553135, 37.12186148604802]
[37.635662194535584, 19.99988898583791, 0.0]
[0.0, 0.0, 0.0]
[0.0, 19.999891994605644, 37.12212291841917]
[37.63536113538624, -27.000219017553135, 37.12186148604802]
[37.635662194535584, 19.99988898583791, 0.0]
[0.0, 0.0, 0.0]
[0.0, 19.999891994605644, 37.12212291841917]
[37.63536113538624, -27.000219017553135, 37.12186148604802]
[37.635662194535584, 19.99988898583791, 0.0]
[0.0, 0.0, 0.0]
[0.0, 19.999891994605644, 37.12212291841917]
[37.63536113538624, -27.000219017553135, 37.12186148604802]
[37.635662194535584, 19.99988898583791, 0.0]
[0.0, 0.0, 0.0]
[0.0, 19.999891994605644, 37.12212291841917]
[37.63536113538624, -27.000219017553135, 37.12186148604802]
[37.635662194535584, 19.99988898583791, 0.0]
[0.0, 0.0, 0.0]
[0.0, 19.999891994605644, 37.12212291841917]
[37.63536113538624, -27.000219017553135, 37.12186148604802]
[37.635662194535584, 19.99988898583791, 0.0]
[0.0, 0.0, 0.0]
[0.0, 19.999891994605644, 37.12212291841917]
[37.63536113538624, -27.000219017553135, 37.12186148604802]
[37.635662194535584, 19.99988898583791, 0.0]
[0.0, 0.0, 0.0]
[0.0, 19.999891994605644, 37.12212291841917]
[37.63536113538624, -27.000219017553135, 37.12186148604802]
[0.0, 19.999891994605644, 37.12212291841917]
[37.63536113538624, -27.000219017553135, 37.12186148604802]
[37.635662194535584, 19.99988898583791, 0.0]
[0.0, 0.0, 0.0]
[0.0, 19.999891994605644, 37.12212291841917]
[0.0, 46.99989199370185, 37.12212291843929]
[37.63542012971619, 9.999780980640427, 37.1219196754094]
[37.6356621945409, 46.999888984934124, 0.0]
[0.0, 0.0, 0.0]
[0.0, 46.99989199370185, 37.12212291843929]
[37.63542012971619, 9.999780980640427, 37.1219196754094]
[37.6356621945409, 46.999888984934124, 0.0]
[0.0, 0.0, 0.0]
[0.0, 46.99989199370185, 37.12212291843929]
[37.63542012971619, 9.999780980640427, 37.1219196754094]
[37.6356621945409, 46.999888984934124, 0.0]
[0.0, 0.0, 0.0]
[0.0, 46.99989199370185, 37.12212291843929]
[37.63542012971619, 9.999780980640427, 37.1219196754094]
[37.6356621945409, 46.999888984934124, 0.0]
[37.63592194981638, 86.9997810428495, -37.11120913807993]
[0.0, 46.99989205847971, -37.110988508283796]
[0.0, 0.0, 0.0]
[0.0, 46.99989199370185, 37.12212291843929]
[37.63542012971619, 9.999780980640427, 37.1219196754094]
[37.6356621945409, 46.999888984934124, 0.0]
[37.63592194981638, 86.9997810428495, -37.11120913807993]
[0.0, 46.99989205847971, -37.110988508283796]
[0.0, 0.0, 0.0]
[0.0, 46.99989199370185, 37.12212291843929]
[37.63542012971619, 9.999780980640427, 37.1219196754094]
[37.6356621945409, 46.999888984934124, 0.0]
[37.63592194981638, 86.9997810428495, -37.11120913807993]
[0.0, 46.99989205847971, -37.110988508283796]
[0.0, 0.0, 0.0]
[0.0, 46.99989199370185, 37.12212291843929]
[0.0, 46.99989199370185, 37.12212291843929]
[37.63542012971619, 9.999780980640427, 37.1219196754094]
[37.6356621945409, 46.999888984934124, 0.0]
[37.63592194981638, 86.9997810428495, -37.11120913807993]
[0.0, 46.99989205847971, -37.110988508283796]
[0.0, 0.0, 0.0]
[0.0, 46.99989199370185, 37.12212291843929]
[37.63542012971619, 9.999780980640427, 37.1219196754094]
[37.6356621945409, 46.999888984934124, 0.0]
[37.63592194981638, 86.9997810428495, -37.11120913807993]
[0.0, 46.99989205847971, -37.110988508283796]
[0.0, 0.0, 0.0]
[0.0, 46.99989199370185, 37.12212291843929]
[37.63542012971619, 9.999780980640427, 37.1219196754094]
[37.6356621945409, 46.999888984934124, 0.0]
[37.63592194981638, 86.9997810428495, -37.11120913807993]
[0.0, 46.99989205847971, -37.110988508283796]
[0.0, 0.0, 0.0]
[0.0, 46.99989199370185, 37.12212291843929]
[37.63542012971619, 9.999780980640427, 37.1219196754094]
[37.6356621945409, 46.999888984934124, 0.0]
[37.63603993843724, 106.99978104255854, -37.11132548177633]
[0.0, 46.99989205847971, -37.110988508283796]
[0.0, 0.0, 0.0]
[0.0, 46.99989199370185, 37.12212291843929]
[-3652.4787484113162, 355.34061998068387, 9186.45365122332]
[37.6356621945409, 46.999888984934124, 0.0]
[-3652.4787484113162, 355.34061998068387, 9186.45365122332]
[-3652.4787484113162, 355.34061998068387, 9186.45365122332]
[0.0, 0.0, 0.0]
[0.0, 46.99989199370185, 37.12212291843929]
[-3652.4787484113162, 355.34061998068387, 9186.45365122332]
[37.6356621945409, 46.999888984934124, 0.0]
[-3652.4787484113162, 355.34061998068387, 9186.45365122332]
[-3652.4787484113162, 355.34061998068387, 9186.45365122332]
[0.0, 0.0, 0.0]
[0.0, 46.99989199370185, 37.12212291843929]
[-3652.4787484113162, 355.34061998068387, 9186.45365122332]
[37.6356621945409, 46.999888984934124, 0.0]
[-37.63563840816631, 0.0, 37.12213497585502]
[-3690.1103434109746, 308.31896145272697, 9186.456003582502]
[-3690.1103434109746, 308.31896145272697, 9186.456003582502]
[-37.635384921542816, -47.000111012901186, 0.0]
[-37.63563840816631, 0.0, 37.12213497585502]
[-3690.1103434109746, 308.31896145272697, 9186.456003582502]
[0.0, 0.0, 0.0]
[-3690.1103434109746, 308.31896145272697, 9186.456003582502]
[-3690.1103434109746, 308.31896145272697, 9186.456003582502]
[-37.635384921542816, -47.000111012901186, 0.0]
[-37.63563840816631, 0.0, 37.12213497585502]
[-3690.1103434109746, 308.31896145272697, 9186.456003582502]
[0.0, 0.0, 0.0]
[-3690.1103434109746, 308.31896145272697, 9186.456003582502]
[-3690.1103434109746, 308.31896145272697, 9186.456003582502]
[-37.635384921542816, -47.000111012901186, 0.0]
[-3652.4787484112844, 308.3939672806673, 9149.329733937575]
[0.0, -47.000108003856454, -37.12184942883616]
[0.0, 0.0, 0.0]
[-3652.4787484112844, 308.3939672806673, 9149.329733937575]
[37.63566219457304, 0.0, -37.12211086039999]
[-3652.4787484112844, 308.3939672806673, 9149.329733937575]
[-3652.4787484112844, 308.3939672806673, 9149.329733937575]
[0.0, -47.000108003856454, -37.12184942883616]
[0.0, 0.0, 0.0]
[-3652.4787484112844, 308.3939672806673, 9149.329733937575]
[37.63566219457304, 0.0, -37.12211086039999]
[-3652.4787484112844, 308.3939672806673, 9149.329733937575]
[-3652.4787484112844, 308.3939672806673, 9149.329733937575]
[0.0, 0.0, 0.0]
[-3652.4787484112844, 308.3939672806673, 9149.329733937575]
[37.63566219457304, 0.0, -37.12211086039999]
[-3652.4787484112844, 308.3939672806673, 9149.329733937575]
[-3652.4787484112844, 308.3939672806673, 9149.329733937575]
[0.0, -47.000108003856454, -37.12184942883616]
[0.0, 0.0, 0.0]
[-3652.4787484112844, 308.3939672806673, 9149.329733937575]
[37.63566219457304, 0.0, -37.12211086039999]
[-3652.4787484112844, 308.3939672806673, 9149.329733937575]
[-3652.4787484112844, 308.3939672806673, 9149.329733937575]
[0.0, -47.000108003856454, -37.12184942883616]
[0.0, 0.0, 0.0]
[-3652.4787484112844, 308.3939672806673, 9149.329733937575]
[37.63566219457304, 0.0, -37.12211086039999]
[-3652.4787484112844, 308.3939672806673, 9149.329733937575]
[-3652.4787484112844, 308.3939672806673, 9149.329733937575]
[0.0, -47.000108003856454, -37.12184942883616]
[0.0, 0.0, 0.0]
[-3652.4787484112844, 308.3939672806673, 9149.329733937575]
[37.63566219457304, 0.0, -37.12211086039999]
[-3652.4787484112844, 308.3939672806673, 9149.329733937575]
[-3652.4787484112844, 308.3939672806673, 9149.329733937575]
[0.0, -47.000108003856454, -37.12184942883616]
[0.0, 0.0, 0.0]
[-3652.4787484112844, 308.3939672806673, 9149.329733937575]
[37.63566219457304, 0.0, -37.12211086039999]
[-3652.4787484112844, 308.3939672806673, 9149.329733937575]
[-3652.4787484112844, 308.3939672806673, 9149.329733937575]
[0.0, -47.000108003856454, -37.12184942883616]
[0.0, 0.0, 0.0]
[37.63566219457304, 0.0, -37.12211086039999]
[-3652.4787484112844, 308.3939672806673, 9149.329733937575]
[-3652.4787484112844, 308.3939672806673, 9149.329733937575]
[0.0, -47.000108003856454, -37.12184942883616]
[0.0, 0.0, 0.0]
[-3652.4787484112844, 308.3939672806673, 9149.329733937575]
[37.63566219457304, 0.0, -37.12211086039999]
[-3652.4787484112844, 308.3939672806673, 9149.329733937575]
[-3652.4787484112844, 308.3939672806673, 9149.329733937575]
[0.0, -47.000108003856454, -37.12184942883616]
[0.0, 0.0, 0.0]
[-3652.4787484112844, 308.3939672806673, 9149.329733937575]
[37.63566219457304, 0.0, -37.12211086039999]
[-3652.4787484112844, 308.3939672806673, 9149.329733937575]
[-3652.4787484112844, 308.3939672806673, 9149.329733937575]
[0.0, -47.000108003856454, -37.12184942883616]
[0.0, 0.0, 0.0]
[-3652.4787484112844, 308.3939672806673, 9149.329733937575]
[37.63566219457304, 0.0, -37.12211086039999]
[-3652.4787484112844, 308.3939672806673, 9149.329733937575]
[-3652.4787484112844, 308.3939672806673, 9149.329733937575]
[0.0, -47.000108003856454, -37.12184942883616]
[0.0, 0.0, 0.0]
[-3652.4787484112844, 308.3939672806673, 9149.329733937575]
[37.63566219457304, 0.0, -37.12211086039999]
[-3652.4787484112844, 308.3939672806673, 9149.329733937575]
[-3652.4787484112844, 308.3939672806673, 9149.329733937575]
[0.0, -47.000108003856454, -37.12184942883616]
[0.0, 0.0, 0.0]
[-3652.4787484112844, 308.3939672806673, 9149.329733937575]
[37.63566219457304, 0.0, -37.12211086039999]
[-3652.4787484112844, 308.3939672806673, 9149.329733937575]
[-3652.4787484112844, 308.3939672806673, 9149.329733937575]
[0.0, -47.000108003856454, -37.12184942883616]
[0.0, 0.0, 0.0]
[37.63566219457304, 0.0, -37.12211086039999]
[-3652.4787484112844, 308.3939672806673, 9149.329733937575]
[-3652.4787484112844, 308.3939672806673, 9149.329733937575]
[0.0, -47.000108003856454, -37.12184942883616]
[0.0, 0.0, 0.0]
[-3652.4787484112844, 308.3939672806673, 9149.329733937575]
[37.63566219457304, 0.0, -37.12211086039999]
[-3652.4787484112844, 308.3939672806673, 9149.329733937575]
[-3652.4787484112844, 308.3939672806673, 9149.329733937575]
[0.0, -47.000108003856454, -37.12184942883616]
[0.0, 0.0, 0.0]
[-3652.4787484112844, 308.3939672806673, 9149.329733937575]
[37.63566219457304, 0.0, -37.12211086039999]
[-3652.4787484112844, 308.3939672806673, 9149.329733937575]
[-3652.4787484112844, 308.3939672806673, 9149.329733937575]
[0.0, -47.000108003856454, -37.12184942883616]
[0.0, 0.0, 0.0]
[-3652.4787484112844, 308.3939672806673, 9149.329733937575]
[37.63566219457304, 0.0, -37.12211086039999]
[-3652.4787484112844, 308.3939672806673, 9149.329733937575]
[-3652.4787484112844, 308.3939672806673, 9149.329733937575]
[0.0, -47.000108003856454, -37.12184942883616]
[0.0, 0.0, 0.0]
[-3652.4787484112844, 308.3939672806673, 9149.329733937575]
[37.63566219457304, 0.0, -37.12211086039999]
[-3652.4787484112844, 308.3939672806673, 9149.329733937575]
[-3652.4787484112844, 308.3939672806673, 9149.329733937575]
[0.0, -47.000108003856454, -37.12184942883616]
[0.0, 0.0, 0.0]
[-3652.4787484112844, 308.3939672806673, 9149.329733937575]
[37.63566219457304, 0.0, -37.12211086039999]
[-3652.4787484112844, 308.3939672806673, 9149.329733937575]
[-3652.4787484112844, 308.3939672806673, 9149.329733937575]
[0.0, -47.000108003856454, -37.12184942883616]
[0.0, 0.0, 0.0]
[-3652.4787484112844, 308.3939672806673, 9149.329733937575]
[37.63566219457304, 0.0, -37.12211086039999]
[-3652.4787484112844, 308.3939672806673, 9149.329733937575]
[-3652.4787484112844, 308.3939672806673, 9149.329733937575]
[0.0, -47.000108003856454, -37.12184942883616]
[0.0, 0.0, 0.0]
[-3652.4787484112844, 308.3939672806673, 9149.329733937575]
[37.63566219457304, 0.0, -37.12211086039999]
[-3652.4787484112844, 308.3939672806673, 9149.329733937575]
[-3652.4787484112844, 308.3939672806673, 9149.329733937575]
[0.0, -47.000108003856454, -37.12184942883616]
[0.0, 0.0, 0.0]
[-3652.4787484112844, 308.3939672806673, 9149.329733937575]
[37.63566219457304, 0.0, -37.12211086039999]
[-3652.4787484112844, 308.3939672806673, 9149.329733937575]
[-3652.4787484112844, 308.3939672806673, 9149.329733937575]
[0.0, -47.000108003856454, -37.12184942883616]
[0.0, 0.0, 0.0]
[-3652.4787484112844, 308.3939672806673, 9149.329733937575]
[37.63566219457304, 0.0, -37.12211086039999]
[-3652.4787484112844, 308.3939672806673, 9149.329733937575]
[-3652.4787484112844, 308.3939672806673, 9149.329733937575]
[0.0, -47.000108003856454, -37.12184942883616]
[0.0, 0.0, 0.0]
[-3652.4787484112844, 308.3939672806673, 9149.329733937575]
[37.63566219457304, 0.0, -37.12211086039999]
[-3652.4787484112844, 308.3939672806673, 9149.329733937575]
[-3652.4787484112844, 308.3939672806673, 9149.329733937575]
[0.0, -47.000108003856454, -37.12184942883616]
[0.0, 0.0, 0.0]
[-3652.4787484112844, 308.3939672806673, 9149.329733937575]
[37.63566219457304, 0.0, -37.12211086039999]
[-3652.4787484112844, 308.3939672806673, 9149.329733937575]
[-3652.4787484112844, 308.3939672806673, 9149.329733937575]
[0.0, -47.000108003856454, -37.12184942883616]
[0.0, 0.0, 18.561023636304775]
[17.710863767001833, 0.0, 0.0]
[-17.71085817032202, 0.0, 18.56102630647307]
[0.0, 0.0, 0.0]
[-17.71085817032202, 0.0, 18.56102630647307]
[-17.71086376700183, 0.0, 0.0]
[0.0, 0.0, 18.561023636304775]
[17.710863767001833, 0.0, 0.0]
[-17.71085817032202, 0.0, 18.56102630647307]
[0.0, 0.0, 0.0]
[74.16424201902562, 0.0, 0.0]
[74.16459077914321, 29.99956890571393, 0.0]
