[-1.8056756090345516e-10, -15.0001080037899, -37.12172141247801]
[0.0, 0.0, 0.0]
[-1.8056756090345516e-10, -15.0001080037899, -37.12172141247801]
[0.0, 0.0, 0.0]
[-1.8056756090345516e-10, -15.0001080037899, -37.12172141247801]
[0.0, 0.0, 0.0]
[-1.8056756090345516e-10, -15.0001080037899, -37.12172141247801]
[0.0, 0.0, 0.0]
[-1.8056756090345516e-10, -15.0001080037899, -37.12172141247801]
[0.0, 0.0, 0.0]
[-1.8056756090345516e-10, -15.0001080037899, -37.12172141247801]
[0.0, 0.0, 0.0]
[-1.8056756090345516e-10, -15.0001080037899, -37.12172141247801]
[0.0, 0.0, 0.0]
[-1.8056756090345516e-10, -15.0001080037899, -37.12172141247801]
[0.0, 0.0, 0.0]
[-1.8056756090345516e-10, -15.0001080037899, -37.12172141247801]
[0.0, 0.0, 0.0]
[-1.8056756090345516e-10, -15.0001080037899, -37.12172141247801]
[0.0, 0.0, 0.0]
[-1.8056756090345516e-10, -15.0001080037899, -37.12172141247801]
[0.0, 0.0, 0.0]
[-1.8056756090345516e-10, -15.0001080037899, -37.12172141247801]
[0.0, 0.0, 0.0]
[-1.8056756090345516e-10, -15.0001080037899, -37.12172141247801]
[0.0, 0.0, 0.0]
[-1.8056756090345516e-10, -15.0001080037899, -37.12172141247801]
[0.0, 0.0, 0.0]
[-1.8056756090345516e-10, -15.0001080037899, -37.12172141247801]
[0.0, 0.0, 0.0]
[-1.8056756090345516e-10, -15.0001080037899, -37.12172141247801]
[0.0, 0.0, 0.0]
[-1.8056756090345516e-10, -15.0001080037899, -37.12172141247801]
[0.0, 0.0, 0.0]
[-1.8056756090345516e-10, -15.0001080037899, -37.12172141247801]
[0.0, 0.0, 0.0]
[-1.8056756090345516e-10, -15.0001080037899, -37.12172141247801]
[0.0, 0.0, 0.0]
[0.0, -15.0001080037899, -37.12172141247801]
[0.0, 0.0, 0.0]
[0.0, -15.0001080037899, -37.12172141247801]
[0.0, 0.0, 0.0]
[0.0, -15.0001080037899, -37.12172141247801]
[0.0, 0.0, 0.0]
[0.0, -15.0001080037899, -37.12172141247801]
[0.0, 0.0, 0.0]
[0.0, -15.0001080037899, -37.12172141247801]
[0.0, 0.0, 0.0]
[0.0, -15.0001080037899, -37.12172141247801]
